825
71 4
327 338
390 46
183 116
147 150
134 149
563 759
446 402
27 226
26 47
531 370
524 573
582 588
310 539
689 310
192 38
556 244
583 160
246 201
606 645
534 798
151 413
74 458
471 124
52 572
276 586
771 36
110 554
762 306
394 21
339 56
758 149
107 705
333 190
116 79
123 64
1 3
271 314
1 127
353 111
482 415
359 283
258 100
325 96
137 234
476 392
406 368
490 76
718 123
6 732
574 632
297 197
176 550
94 21
32 15
403 344
450 703
228 461
564 303
264 441
610 123
792 183
56 568
212 477
661 352
726 700
175 704
8 2
768 585
654 13
210 411
797 476
115 508
646 644
154 115
346 110
669 812
809 680
240 95
79 229
674 80
49 401
814 512
541 188
43 63
328 37
167 449
177 144
107 62
63 612
640 432
357 245
619 41
736 139
29 373
79 633
374 231
222 395
11 25
141 80
170 88
528 597
64 27
224 670
489 587
405 408
769 476
655 523
751 760
135 22
808 804
636 225
369 669
188 146
203 748
54 118
355 734
624 178
625 530
227 686
557 508
570 542
160 167
101 296
178 211
631 311
399 609
10 88
620 507
301 144
788 225
692 680
264 400
559 682
190 304
806 484
738 520
146 23
135 165
311 75
356 195
171 136
21 82
352 90
665 289
53 478
474 529
183 660
699 269
67 26
217 50
29 203
671 299
316 324
569 519
381 623
2 776
76 152
673 227
216 20
49 8
366 122
121 161
543 503
544 272
331 224
184 730
7 173
774 785
158 123
338 500
201 54
435 332
245 35
626 198
12 209
11 65
361 86
22 794
137 658
41 16
384 53
101 20
19 128
275 256
301 484
578 212
30 35
61 103
244 472
825 241
270 262
247 690
42 76
145 585
159 289
372 754
54 332
630 30
509 68
468 419
7 6
52 78
95 129
761 645
266 117
376 420
793 568
684 22
668 714
448 144
688 503
365 707
515 323
647 666
100 81
611 264
717 544
483 298
177 341
148 244
475 538
599 467
181 66
94 110
125 164
114 491
731 775
363 303
247 104
27 9
672 219
136 31
195 206
117 99
622 361
94 213
801 758
12 286
147 136
716 77
497 186
235 300
27 77
315 117
387 389
263 280
14 4
791 80
71 200
693 667
542 84
618 345
37 23
738 739
87 194
601 400
69 4
266 355
489 162
342 102
134 99
362 184
189 124
96 460
219 591
335 455
495 755
494 144
402 192
73 345
398 765
137 467
727 687
601 811
84 42
558 13
756 402
223 70
157 309
368 418
312 75
528 392
33 44
696 685
643 385
303 486
293 234
454 300
66 347
233 731
348 19
719 694
31 414
130 5
492 266
545 416
164 254
30 6
652 165
650 242
158 169
283 340
795 626
702 577
195 180
752 234
803 183
324 810
20 251
57 125
481 81
676 620
186 317
287 277
78 102
2 1
277 73
606 147
264 410
180 466
190 604
229 236
16 96
322 307
241 582
295 48
38 12
409 222
86 555
218 111
454 820
111 784
438 146
548 819
265 202
358 173
133 112
289 318
66 605
106 522
210 130
417 209
498 235
104 561
31 68
224 86
5 60
391 162
802 325
145 70
393 75
200 595
44 193
709 8
442 485
520 359
148 14
12 18
41 404
205 127
1 241
753 402
13 2
252 160
12 70
53 20
53 388
316 368
276 351
5 2
733 150
74 140
33 113
20 172
62 23
47 142
577 537
256 376
333 628
7 462
10 15
698 117
519 82
720 168
139 122
187 2
125 151
469 193
288 354
329 450
495 224
505 375
77 439
777 548
377 480
570 593
1 4
399 234
231 313
56 510
271 553
53 415
822 188
160 126
83 208
257 687
464 37
185 39
132 602
437 246
200 551
721 188
711 525
434 98
548 36
7 61
210 215
700 470
290 237
22 55
685 559
184 28
223 370
502 489
42 26
268 49
283 124
478 598
135 155
178 196
426 187
48 463
586 659
380 681
763 134
308 773
384 433
123 267
156 113
282 3
104 50
558 656
98 40
81 77
137 742
649 317
629 540
221 34
42 425
19 15
639 268
515 608
642 212
451 279
517 184
330 246
159 530
31 186
242 159
178 135
314 379
504 369
288 94
470 55
120 3
87 207
74 431
554 749
511 172
253 532
34 23
174 263
459 53
231 63
162 590
121 799
741 131
144 87
29 28
222 157
15 444
257 514
86 163
606 678
33 212
185 562
49 87
199 257
429 374
615 528
86 334
91 27
238 176
472 614
372 337
144 603
290 381
565 258
111 46
397 87
56 442
750 398
729 744
177 667
2 473
807 268
327 15
360 181
46 412
728 132
67 764
2 66
525 353
194 382
146 235
274 405
52 2
575 344
25 219
122 82
274 22
681 715
144 159
367 152
1 92
553 817
233 173
145 237
679 227
419 23
2 617
428 160
445 90
316 230
542 779
298 230
648 44
95 33
71 182
596 174
48 73
18 46
637 268
22 14
263 430
101 487
132 13
26 13
328 805
165 202
123 571
32 75
337 44
584 213
319 132
478 533
592 487
627 46
60 99
329 574
37 90
723 107
427 55
279 118
354 589
38 39
250 790
386 268
3 138
236 383
47 457
168 143
746 413
781 79
16 534
780 405
8 124
668 376
527 277
200 375
59 21
260 26
160 566
512 97
464 751
680 399
701 49
737 450
378 323
83 4
242 691
257 292
119 71
421 62
664 507
69 198
253 202
7 9
488 713
296 350
235 697
335 49
484 743
321 662
72 278
76 112
60 72
823 133
249 234
150 174
406 453
547 241
132 320
210 537
452 327
242 305
294 178
164 176
594 523
214 187
204 36
17 15
307 84
747 297
787 183
9 306
32 800
387 320
475 193
161 190
465 644
29 786
220 175
108 89
695 570
432 36
48 11
261 219
677 22
163 326
635 369
398 349
8 12
518 421
715 796
230 93
815 206
73 465
348 349
416 146
19 710
166 114
559 289
85 137
270 273
6 4
85 60
97 52
821 803
225 217
560 423
9 10
131 243
26 131
294 321
310 113
712 256
683 566
334 540
8 199
89 42
86 271
442 503
80 239
722 355
157 54
506 118
501 156
96 175
21 17
766 374
45 479
596 647
228 196
69 269
76 191
126 284
20 15
6 28
250 223
47 54
364 216
114 32
708 463
331 436
106 43
23 11
581 449
735 217
102 653
142 818
675 231
23 179
524 350
778 176
242 272
370 396
4 232
255 62
6 56
380 318
488 61
535 114
16 10
51 369
679 774
426 507
79 86
103 109
492 579
91 105
318 496
196 782
422 600
521 457
616 91
440 65
525 607
443 36
74 62
72 153
6 79
613 498
11 4
165 256
243 303
549 530
767 392
36 13
424 233
33 264
366 651
180 323
783 57
348 371
24 15
325 552
523 218
343 52
227 26
365 87
211 634
745 655
493 69
299 61
199 259
17 180
740 22
474 31
64 276
14 513
336 266
580 499
824 325